55.72699 201.20891 139.40929 289.82874 0.8774796 1.0 
190.71187 200.08752 228.71162 253.93289 0.8351306 1.0 
258.65152 202.75443 316.1063 269.8234 0.40750015 1.0 
259.93686 202.71503 317.38998 269.88 0.5126107 1.0 
347.4679 209.3449 415.9135 296.88818 0.8683376 1.0 
55.7374 201.06349 139.4053 289.73322 0.8829081 1.0 
258.68207 202.7176 316.09875 269.82153 0.41218388 1.0 
259.82428 202.47557 317.42932 269.89017 0.49776676 1.0 
347.50598 209.22574 415.88312 296.99484 0.8736605 1.0 
182.97429 192.5969 196.66472 214.18784 0.45837823 1.0 
226.04425 196.1645 239.58472 214.77876 0.3645368 1.0 
154.40765 198.16035 183.43509 232.57317 0.87022805 1.0 
236.48792 194.32613 261.90805 230.41054 0.8597949 1.0 
304.302 203.43872 328.41663 237.21057 0.5407234 1.0 
190.68495 200.75067 228.46507 252.5636 0.7370403 1.0 
181.65833 192.16542 197.20148 214.89491 0.36496484 1.0 
154.20761 198.02652 183.34738 232.70786 0.8707287 1.0 
236.42892 194.19414 261.8759 230.39671 0.86036605 1.0 
304.16693 203.05536 328.52582 237.38095 0.5508009 1.0 
190.70384 200.37337 228.66838 252.98637 0.8003893 1.0 
258.80817 203.91061 315.97095 269.3545 0.38051838 1.0 
260.52756 203.31168 316.9371 269.49017 0.59813774 1.0 
190.90114 200.06126 228.70836 253.27745 0.8156953 1.0 
258.4898 203.21234 316.49927 269.78497 0.3364809 1.0 
260.12988 202.83282 317.40656 269.97824 0.58308417 1.0 
55.949604 201.45824 139.03949 289.57697 0.84039545 1.0 
348.1472 209.2545 415.69278 297.90442 0.8500974 1.0 
